             Inf
   3.4457335e+01
   1.7228667e+01
   1.1485778e+01
   8.6143337e+00
   6.8914670e+00
   5.7428891e+00
   4.9224764e+00
   4.3071668e+00
   3.8285928e+00
   3.4457335e+00
   3.1324850e+00
   2.8714446e+00
   2.6505642e+00
   2.4612382e+00
   2.2971557e+00
   2.1535834e+00
   2.0269020e+00
   1.9142964e+00
   1.8135439e+00
   1.7228667e+00
   1.6408255e+00
   1.5662425e+00
   1.4981450e+00
   1.4357223e+00
   1.3782934e+00
   1.3252821e+00
   1.2761976e+00
   1.2306191e+00
   1.1881840e+00
   1.1485778e+00
   1.1115269e+00
   1.0767917e+00
   1.0441617e+00
   1.0134510e+00
   9.8449528e-01
   9.5714819e-01
   9.3127932e-01
   9.0677197e-01
   8.8352140e-01
   8.6143337e-01
   8.4042280e-01
   8.2041273e-01
   8.0133337e-01
   7.8312124e-01
   7.6571855e-01
   7.4907250e-01
   7.3313478e-01
   7.1786114e-01
   7.0321091e-01
   6.8914670e-01
   6.7563402e-01
   6.6264105e-01
   6.5013839e-01
   6.3809879e-01
   6.2649700e-01
   6.1530955e-01
   6.0451465e-01
   5.9409198e-01
   5.8402262e-01
   5.7428891e-01
   5.6487434e-01
   5.5576346e-01
   5.4694182e-01
   5.3839586e-01
   5.3011284e-01
   5.2208083e-01
   5.1428858e-01
   5.0672551e-01
   4.9938166e-01
   4.9224764e-01
   4.8531457e-01
   4.7857409e-01
   4.7201828e-01
   4.6563966e-01
   4.5943113e-01
   4.5338598e-01
   4.4749785e-01
   4.4176070e-01
   4.3616879e-01
   4.3071668e-01
   4.2539919e-01
   4.2021140e-01
   4.1514861e-01
   4.1020637e-01
   4.0538041e-01
   4.0066668e-01
   3.9606132e-01
   3.9156062e-01
   3.8716106e-01
   3.8285928e-01
   3.7865203e-01
   3.7453625e-01
   3.7050898e-01
   3.6656739e-01
   3.6270879e-01
   3.5893057e-01
   3.5523026e-01
   3.5160546e-01
   3.4805389e-01
   3.4457335e-01
   3.4116173e-01
   3.3781701e-01
   3.3453723e-01
   3.3132053e-01
   3.2816509e-01
   3.2506920e-01
   3.2203117e-01
   3.1904940e-01
   3.1612234e-01
   3.1324850e-01
   3.1042644e-01
   3.0765477e-01
   3.0493217e-01
   3.0225732e-01
   2.9962900e-01
   2.9704599e-01
   2.9450713e-01
   2.9201131e-01
   2.8955744e-01
   2.8714446e-01
   2.8477136e-01
   2.8243717e-01
   2.8014093e-01
   2.7788173e-01
   2.7565868e-01
   2.7347091e-01
   2.7131760e-01
   2.6919793e-01
   2.6711112e-01
   2.6505642e-01
   2.6303309e-01
   2.6104041e-01
   2.5907771e-01
   2.5714429e-01
   2.5523952e-01
   2.5336276e-01
   2.5151339e-01
   2.4969083e-01
   2.4789449e-01
   2.4612382e-01
   2.4437826e-01
   2.4265729e-01
   2.4096038e-01
   2.3928705e-01
   2.3763679e-01
   2.3600914e-01
   2.3440364e-01
   2.3281983e-01
   2.3125728e-01
   2.2971557e-01
   2.2819427e-01
   2.2669299e-01
   2.2521134e-01
   2.2374893e-01
   2.2230539e-01
   2.2088035e-01
   2.1947347e-01
   2.1808440e-01
   2.1671280e-01
   2.1535834e-01
   2.1402071e-01
   2.1269960e-01
   2.1139469e-01
   2.1010570e-01
   2.0883233e-01
   2.0757431e-01
   2.0633135e-01
   2.0510318e-01
   2.0388955e-01
   2.0269020e-01
   2.0150488e-01
