   0.0000000e+00
   2.9021397e-02
   5.8042794e-02
   8.7064192e-02
   1.1608559e-01
   1.4510699e-01
   1.7412838e-01
   2.0314978e-01
   2.3217118e-01
   2.6119258e-01
   2.9021397e-01
   3.1923537e-01
   3.4825677e-01
   3.7727816e-01
   4.0629956e-01
   4.3532096e-01
   4.6434236e-01
   4.9336375e-01
   5.2238515e-01
   5.5140655e-01
   5.8042794e-01
   6.0944934e-01
   6.3847074e-01
   6.6749214e-01
   6.9651353e-01
   7.2553493e-01
   7.5455633e-01
   7.8357773e-01
   8.1259912e-01
   8.4162052e-01
   8.7064192e-01
   8.9966331e-01
   9.2868471e-01
   9.5770611e-01
   9.8672751e-01
   1.0157489e+00
   1.0447703e+00
   1.0737917e+00
   1.1028131e+00
   1.1318345e+00
   1.1608559e+00
   1.1898773e+00
   1.2188987e+00
   1.2479201e+00
   1.2769415e+00
   1.3059629e+00
   1.3349843e+00
   1.3640057e+00
   1.3930271e+00
   1.4220485e+00
   1.4510699e+00
   1.4800913e+00
   1.5091127e+00
   1.5381341e+00
   1.5671555e+00
   1.5961768e+00
   1.6251982e+00
   1.6542196e+00
   1.6832410e+00
   1.7122624e+00
   1.7412838e+00
   1.7703052e+00
   1.7993266e+00
   1.8283480e+00
   1.8573694e+00
   1.8863908e+00
   1.9154122e+00
   1.9444336e+00
   1.9734550e+00
   2.0024764e+00
   2.0314978e+00
   2.0605192e+00
   2.0895406e+00
   2.1185620e+00
   2.1475834e+00
   2.1766048e+00
   2.2056262e+00
   2.2346476e+00
   2.2636690e+00
   2.2926904e+00
   2.3217118e+00
   2.3507332e+00
   2.3797546e+00
   2.4087760e+00
   2.4377974e+00
   2.4668188e+00
   2.4958402e+00
   2.5248616e+00
   2.5538830e+00
   2.5829044e+00
   2.6119258e+00
   2.6409471e+00
   2.6699685e+00
   2.6989899e+00
   2.7280113e+00
   2.7570327e+00
   2.7860541e+00
   2.8150755e+00
   2.8440969e+00
   2.8731183e+00
   2.9021397e+00
   2.9311611e+00
   2.9601825e+00
   2.9892039e+00
   3.0182253e+00
   3.0472467e+00
   3.0762681e+00
   3.1052895e+00
   3.1343109e+00
   3.1633323e+00
   3.1923537e+00
   3.2213751e+00
   3.2503965e+00
   3.2794179e+00
   3.3084393e+00
   3.3374607e+00
   3.3664821e+00
   3.3955035e+00
   3.4245249e+00
   3.4535463e+00
   3.4825677e+00
   3.5115891e+00
   3.5406105e+00
   3.5696319e+00
   3.5986533e+00
   3.6276747e+00
   3.6566961e+00
   3.6857174e+00
   3.7147388e+00
   3.7437602e+00
   3.7727816e+00
   3.8018030e+00
   3.8308244e+00
   3.8598458e+00
   3.8888672e+00
   3.9178886e+00
   3.9469100e+00
   3.9759314e+00
   4.0049528e+00
   4.0339742e+00
   4.0629956e+00
   4.0920170e+00
   4.1210384e+00
   4.1500598e+00
   4.1790812e+00
   4.2081026e+00
   4.2371240e+00
   4.2661454e+00
   4.2951668e+00
   4.3241882e+00
   4.3532096e+00
   4.3822310e+00
   4.4112524e+00
   4.4402738e+00
   4.4692952e+00
   4.4983166e+00
   4.5273380e+00
   4.5563594e+00
   4.5853808e+00
   4.6144022e+00
   4.6434236e+00
   4.6724450e+00
   4.7014664e+00
   4.7304877e+00
   4.7595091e+00
   4.7885305e+00
   4.8175519e+00
   4.8465733e+00
   4.8755947e+00
   4.9046161e+00
   4.9336375e+00
   4.9626589e+00
