   3.1882000e-01
   3.1882000e-01
   4.4527945e-01
   5.4366538e-01
   6.4307069e-01
   6.5594140e-01
   7.2809075e-01
   6.7831872e-01
   7.8341502e-01
   8.7035271e-01
   7.6720485e-01
   5.7338331e-01
   7.3991576e-01
   9.1404689e-01
   8.0208517e-01
   7.5030043e-01
   7.9266498e-01
   7.7511314e-01
   7.2629805e-01
   7.3032632e-01
   7.5593663e-01
   7.9036176e-01
   8.1862854e-01
   8.3296290e-01
   8.8895293e-01
   9.1284780e-01
   9.0323745e-01
   8.6945323e-01
   8.2386946e-01
   8.0151693e-01
   7.7290736e-01
   7.2856316e-01
   6.8255692e-01
   6.2999790e-01
   5.8009692e-01
   5.2694150e-01
   4.8614206e-01
   4.5276472e-01
   4.3822749e-01
   4.5860891e-01
   5.0452871e-01
   5.5026903e-01
   5.8301076e-01
   5.9199540e-01
   5.7911298e-01
   5.4203095e-01
   4.9502110e-01
   5.0059539e-01
   4.9367017e-01
   4.7573995e-01
   4.4800762e-01
   4.3569068e-01
   4.1683099e-01
   3.9228530e-01
   3.6380354e-01
   3.3318550e-01
   3.0180372e-01
   2.7560905e-01
   2.5913284e-01
   2.6062489e-01
   2.6286893e-01
   2.5929185e-01
   2.5169583e-01
   2.4177758e-01
   2.3099796e-01
   2.2044615e-01
   2.1057053e-01
   2.0245320e-01
   1.9607141e-01
   1.9177962e-01
   1.8976615e-01
   1.8933153e-01
   1.8995083e-01
   1.9101711e-01
   1.9257164e-01
   1.9353440e-01
   1.9416984e-01
   1.9396375e-01
   1.9300884e-01
   1.9135930e-01
   1.8893845e-01
   1.8561121e-01
   1.8155730e-01
   1.7717469e-01
   1.7238490e-01
   1.6739934e-01
   1.6241589e-01
   1.5858832e-01
   1.5550327e-01
   1.5273744e-01
   1.5862700e-01
   1.6207187e-01
   1.6346405e-01
   1.6317119e-01
   1.6148364e-01
   1.5859524e-01
   1.5456917e-01
   1.4940461e-01
   1.4315936e-01
   1.4031988e-01
   1.4266642e-01
   1.4530262e-01
   1.4807125e-01
   1.5105883e-01
   1.5399266e-01
   1.5697179e-01
   1.5983101e-01
   1.6249994e-01
   1.6508989e-01
   1.6746525e-01
   1.6960939e-01
   1.7153333e-01
   1.7323956e-01
   1.7468840e-01
   1.7583394e-01
   1.7666231e-01
   1.7720728e-01
   1.7738272e-01
   1.7723756e-01
   1.7683425e-01
   1.7623214e-01
   1.7550264e-01
   1.7455529e-01
   1.7340016e-01
   1.7205160e-01
   1.7216252e-01
   1.7205655e-01
   1.7175826e-01
   1.7102395e-01
   1.7012170e-01
   1.6889430e-01
   1.6743697e-01
   1.6575901e-01
   1.6391110e-01
   1.6185421e-01
   1.5973799e-01
   1.5754229e-01
   1.5523794e-01
   1.5280164e-01
   1.5031027e-01
   1.4930335e-01
   1.4776282e-01
   1.4531486e-01
   1.4203270e-01
   1.3789644e-01
   1.3704707e-01
   1.3569907e-01
   1.3377359e-01
   1.3138847e-01
   1.2900550e-01
   1.2721231e-01
   1.2554265e-01
   1.2390630e-01
   1.2264102e-01
   1.2135834e-01
   1.2008423e-01
   1.1961961e-01
   1.1948530e-01
   1.1922126e-01
   1.1883377e-01
   1.1844798e-01
   1.1795373e-01
   1.1735030e-01
   1.1673491e-01
   1.1604525e-01
   1.1526047e-01
   1.1449552e-01
   1.1364181e-01
   1.1277565e-01
   1.1186281e-01
   1.1093120e-01
   1.0996736e-01
